$ANSIBLE_VAULT;1.1;AES256
30643365636666316232396265376566386464373862386133383831306234313132326534643737
3265333964653762363037616662653137303666623035660a363633386437353731363430623635
34653430346531376161373633636432343064303436386335306433303637626165363139353530
3264313262303665630a333637373337356261336466396233363630383162616533353930306438
63663730353563323365636632343435643635623164663037373130613137393863353061386537
35663839643962333136393164353463636434303633633935303636383462393532363534313433
37383934383665393132623865353162326566316633343032643834363764616132323735623664
66363035353235306633353938313637666633653464386330336263373066346339393636626664
63313662633961326334303838383235313838656666363630656664386466363432373732346635
38323132656630356532333463306362343831376163316239656430363034663961336332303139
63353534383934353937336239663930356462396332666537656230326566336233326436653735
35366439363931333435663036393736313564643631323137633136373231396164336337383936
36336231303866326261646131653864643031343036326433343530623765373038363965356633
63386332303465613966616538643432396338656562616662363236303466313035643230303465
66643361303865616637316233363339653933346539373165393664393135313935613234333763
35626438383562323433623961313765636162373866306234333239356661633431303663316263
32316334613965666132633630396236646438656663626635343235313133316339656464323432
37323263663831383637613533333333343638646335616261376439636630623866616138666261
66323830383033643262373765656661373037663634353534626433396663666231303636653237
32646162393433323865633064376434663736336666643334633030623830613561346632303939
64373733316130386462393164393335393438623631623564356238323638623065366438643730
36363330656161623338303336633965626539386438626632323231333038633563663232316334
34636663336365386664366536386365353665653463366438653730346464356533663561653761
36313163336639316366626538396566363232373030663864636534303430313135616366323061
63353065616539383665633739393238306137646634373339653963353138653461396235633535
65306265326337613262373663306432666264646664383138383763653439373635616237336137
30643634356361643462663961366632353636376438323837646338396335376636653261626332
64363932383363366333383639636337363339366562303933323133343738643236336438303833
30623366323064343330383531653433373634626438343830373631303266343534343531393366
30386633336131363366326366393934633938353865386232353966316162336235393564326337
66303230326566656130346538313930383737653235316462643634643033336364633638643464
31633134366537353462313762303166303532636239383238376639626263356232383738653961
33346435623730393263373332323765323638323539396635623631343364373566646536656435
62393066613165383565366139383462383431303666646533396664313437303364333636373661
30333463643834366665323435343633356630616336643761636538333561623936613661623366
33326233396635306633343365636565616438376461316137633062376139633736373866333066
35313462346463336461616232343064343735363232366332633931663332393463386439356437
33363034613735336666303234623831353565653264633831653938363533323735383462343362
37356233326630636338306235343439633730333832653962326261656538373030663864623962
64393261623236346365343137356365363232313766613636613164663932633433623135633463
63396230376132663134366662383864333035616136623632633738653938323366396336316133
65316232333764643363613761316661636263613135383838613631323133323436373161326566
31383362343137376335326464306236623663303832666633366136373336363037623166353539
36656231343237643833343165373962396538353830613466326166393537336332663365626165
63336161313837333163323935356565393731646639346365363739343432646135666566633636
32336232306661396334346230356338356265623261646332333133333734623831356466333365
30623539633636386233663662393466363664383136336164333562356163323538653635643662
34643737623162363162373862386161643336623438393563336165363535353533306537343832
61353364343065376230323962316361656161636535303530316534636563663531376236323764
31373665633830646265326465343133316233346337366130316537393265656436333531636463
31363335653966313636363533373235386436303665323638316263346234653434636330616335
65626465323164303034633661336333386564386636383330663437623031616138353934636365
65636663656665363135313431333063376537386539653931306364303730653430303933343431
38633231623561353861373738306230643864363033626634623765306137303037333639373530
39653738356435303336376265663935623764653732313431633938363739356362626439373137
33656237303966356661396132333835343039363534643031633334613961656235323737306163
34343730333164336262383930333638343932363463306539613939303862383236373835353439
32333737333261663866656234666237356336396666303662353166653334633065323265646134
65303336663735386638303934346630363466653661646132663336633562666133613561633839
63616463633733616637646235663330386637343238333831656663373436316235386538613336
32646462393161626439623234633736366461356534656436633136363137366661623733376564
31646662663531393361323835326533333139366339636232343665636366323664663939323265
35336139623235666530643932663438616366366337616563646261383938643832633430636661
39646234373438653738666239653331346164383330316230656135323765363334336239626663
63643463656133373532663061643836386261396561316364663531343532306631326439666533
38623339663432653733633335396332393237313738313139366263366166626536353831383632
37636164363261306339353164343839653266366335373937646539613937616134653338353339
61323834623964653463353935346630303336356636363765353339313737313266383062656439
38326566663537313166663931333537666561393437303132326434666539613662663762646132
39303564333939313836393739656161386539383662613437646165306132336532303464346435
38393631306538343366613563326234653131383262353937346630376431343134326632626137
32363337646237636332303436313837376163306362386462626230313038356435376532616364
63383832386363646166383034643730333463363739343231363166646461343930383639626664
3331613135333135663732646465336232346237383361333931
